2232.0
0.0
-13.6484208238
36.6439737285
-21.0268860376
22.1146149011
-173.337572823
5.22468775084
-21.9888038863
-0.524518067162
-14.5121959281
-40.4011343389
250.243691773
-72.3346167861
-151.891688158
-74.9209946408
-29.7174197854
-106.991125432
301.539663487
-147.196179484
-198.987804072
-91.9999910007
-50.1128749377
-102.519489331
-30.0596888084
-43.0822054185
-30.0596888084
43.0822054185
-50.1128749377
102.519489331
-198.987804072
91.9999910007
301.539663487
147.196179484
-29.7174197854
106.991125432
-151.891688158
74.9209946408
250.243691773
72.3346167861
-14.5121959281
40.4011343389
-21.9888038863
0.524518067162
-173.337572823
-5.22468775084
-21.0268860376
-22.1146149011
-13.6484208238
-36.6439737285
